# Frame  Total_Res  Wrapped_Res  Total_Atoms  Wrapped_Atoms  Water_Res  Wrapped_Water  Ion_Res  Wrapped_Ions  Other_Res  Wrapped_Other
     0       1234            0         3694             0       1230             0        4            0          0             0
     1       1275            0         3817             0       1271             0        4            0          0             0
     2       1247            0         3733             0       1243             0        4            0          0             0
     3       1261            0         3775             0       1257             0        4            0          0             0
     4       1253            0         3751             0       1249             0        4            0          0             0
     5       1255            0         3757             0       1251             0        4            0          0             0
     6       1276            0         3820             0       1272             0        4            0          0             0
     7       1228            0         3676             0       1224             0        4            0          0             0
     8       1254            0         3754             0       1250             0        4            0          0             0
     9       1219            0         3649             0       1215             0        4            0          0             0
    10       1257            0         3763             0       1253             0        4            0          0             0
    11       1233            0         3691             0       1229             0        4            0          0             0
    12       1249            0         3739             0       1245             0        4            0          0             0
    13       1239            0         3709             0       1235             0        4            0          0             0
    14       1218            0         3646             0       1214             0        4            0          0             0
    15       1226            0         3670             0       1222             0        4            0          0             0
    16       1247            0         3733             0       1243             0        4            0          0             0
    17       1243            0         3721             0       1239             0        4            0          0             0
    18       1256            0         3760             0       1252             0        4            0          0             0
    19       1248            0         3734             0       1243             0        5            0          0             0
    20       1231            0         3685             0       1227             0        4            0          0             0
    21       1224            0         3664             0       1220             0        4            0          0             0
    22       1224            0         3664             0       1220             0        4            0          0             0
    23       1242            0         3716             0       1237             0        5            0          0             0
    24       1246            0         3726             0       1240             0        6            0          0             0
    25       1236            0         3696             0       1230             0        6            0          0             0
    26       1260            0         3768             0       1254             0        6            0          0             0
    27       1238            0         3704             0       1233             0        5            0          0             0
    28       1252            0         3748             0       1248             0        4            0          0             0
    29       1254            0         3754             0       1250             0        4            0          0             0
    30       1254            0         3754             0       1250             0        4            0          0             0
    31       1251            0         3745             0       1247             0        4            0          0             0
    32       1257            0         3763             0       1253             0        4            0          0             0
    33       1255            0         3757             0       1251             0        4            0          0             0
    34       1266            0         3790             0       1262             0        4            0          0             0
    35       1271            0         3805             0       1267             0        4            0          0             0
    36       1272            0         3808             0       1268             0        4            0          0             0
    37       1266            0         3790             0       1262             0        4            0          0             0
    38       1263            0         3781             0       1259             0        4            0          0             0
    39       1256            0         3760             0       1252             0        4            0          0             0
    40       1239            0         3709             0       1235             0        4            0          0             0
    41       1242            0         3716             0       1237             0        5            0          0             0
    42       1247            0         3731             0       1242             0        5            0          0             0
    43       1262            0         3776             0       1257             0        5            0          0             0
    44       1257            0         3763             0       1253             0        4            0          0             0
    45       1257            0         3763             0       1253             0        4            0          0             0
    46       1269            0         3799             0       1265             0        4            0          0             0
    47       1271            0         3803             0       1266             0        5            0          0             0
    48       1267            0         3793             0       1263             0        4            0          0             0
    49       1214            0         3634             0       1210             0        4            0          0             0
