# Frame  Total_Res  Wrapped_Res  Total_Atoms  Wrapped_Atoms  Water_Res  Wrapped_Water  Ion_Res  Wrapped_Ions  Other_Res  Wrapped_Other
     0       1169            0         3497             0       1164             0        5            0          0             0
     1       1185            0         3547             0       1181             0        4            0          0             0
     2       1182            0         3536             0       1177             0        5            0          0             0
     3       1199            0         3587             0       1194             0        5            0          0             0
     4       1215            0         3635             0       1210             0        5            0          0             0
     5       1197            0         3581             0       1192             0        5            0          0             0
     6       1209            0         3617             0       1204             0        5            0          0             0
     7       1175            0         3515             0       1170             0        5            0          0             0
     8       1199            0         3587             0       1194             0        5            0          0             0
     9       1159            0         3467             0       1154             0        5            0          0             0
    10       1191            0         3561             0       1185             0        6            0          0             0
    11       1146            0         3426             0       1140             0        6            0          0             0
    12       1192            0         3564             0       1186             0        6            0          0             0
    13       1191            0         3561             0       1185             0        6            0          0             0
    14       1193            0         3567             0       1187             0        6            0          0             0
    15       1178            0         3522             0       1172             0        6            0          0             0
    16       1184            0         3542             0       1179             0        5            0          0             0
    17       1190            0         3560             0       1185             0        5            0          0             0
    18       1188            0         3554             0       1183             0        5            0          0             0
    19       1189            0         3557             0       1184             0        5            0          0             0
    20       1181            0         3533             0       1176             0        5            0          0             0
    21       1180            0         3530             0       1175             0        5            0          0             0
    22       1176            0         3518             0       1171             0        5            0          0             0
    23       1198            0         3586             0       1194             0        4            0          0             0
    24       1208            0         3616             0       1204             0        4            0          0             0
    25       1168            0         3496             0       1164             0        4            0          0             0
    26       1203            0         3599             0       1198             0        5            0          0             0
    27       1191            0         3565             0       1187             0        4            0          0             0
    28       1196            0         3580             0       1192             0        4            0          0             0
    29       1191            0         3563             0       1186             0        5            0          0             0
    30       1204            0         3602             0       1199             0        5            0          0             0
    31       1181            0         3533             0       1176             0        5            0          0             0
    32       1192            0         3564             0       1186             0        6            0          0             0
    33       1193            0         3567             0       1187             0        6            0          0             0
    34       1202            0         3598             0       1198             0        4            0          0             0
    35       1202            0         3598             0       1198             0        4            0          0             0
    36       1212            0         3626             0       1207             0        5            0          0             0
    37       1196            0         3578             0       1191             0        5            0          0             0
    38       1200            0         3590             0       1195             0        5            0          0             0
    39       1187            0         3549             0       1181             0        6            0          0             0
    40       1170            0         3496             0       1163             0        7            0          0             0
    41       1198            0         3582             0       1192             0        6            0          0             0
    42       1185            0         3541             0       1178             0        7            0          0             0
    43       1192            0         3566             0       1187             0        5            0          0             0
    44       1207            0         3611             0       1202             0        5            0          0             0
    45       1197            0         3581             0       1192             0        5            0          0             0
    46       1197            0         3581             0       1192             0        5            0          0             0
    47       1188            0         3554             0       1183             0        5            0          0             0
    48       1222            0         3656             0       1217             0        5            0          0             0
    49       1195            0         3575             0       1190             0        5            0          0             0
