# Frame  Total_Res  Wrapped_Res  Total_Atoms  Wrapped_Atoms  Water_Res  Wrapped_Water  Ion_Res  Wrapped_Ions  Other_Res  Wrapped_Other
     0       1628            0         4876             0       1624             0        4            0          0             0
     1       1646            0         4928             0       1641             0        5            0          0             0
     2       1616            0         4840             0       1612             0        4            0          0             0
     3       1644            0         4926             0       1641             0        3            0          0             0
     4       1643            0         4921             0       1639             0        4            0          0             0
     5       1633            0         4891             0       1629             0        4            0          0             0
     6       1654            0         4954             0       1650             0        4            0          0             0
     7       1614            0         4836             0       1611             0        3            0          0             0
     8       1639            0         4909             0       1635             0        4            0          0             0
     9       1598            0         4786             0       1594             0        4            0          0             0
    10       1634            0         4896             0       1631             0        3            0          0             0
    11       1614            0         4834             0       1610             0        4            0          0             0
    12       1624            0         4862             0       1619             0        5            0          0             0
    13       1631            0         4881             0       1625             0        6            0          0             0
    14       1637            0         4901             0       1632             0        5            0          0             0
    15       1591            0         4765             0       1587             0        4            0          0             0
    16       1617            0         4843             0       1613             0        4            0          0             0
    17       1626            0         4872             0       1623             0        3            0          0             0
    18       1620            0         4850             0       1615             0        5            0          0             0
    19       1627            0         4869             0       1621             0        6            0          0             0
    20       1634            0         4890             0       1628             0        6            0          0             0
    21       1642            0         4918             0       1638             0        4            0          0             0
    22       1622            0         4854             0       1616             0        6            0          0             0
    23       1606            0         4810             0       1602             0        4            0          0             0
    24       1652            0         4948             0       1648             0        4            0          0             0
    25       1615            0         4833             0       1609             0        6            0          0             0
    26       1641            0         4915             0       1637             0        4            0          0             0
    27       1631            0         4885             0       1627             0        4            0          0             0
    28       1644            0         4926             0       1641             0        3            0          0             0
    29       1627            0         4869             0       1621             0        6            0          0             0
    30       1630            0         4882             0       1626             0        4            0          0             0
    31       1620            0         4852             0       1616             0        4            0          0             0
    32       1632            0         4888             0       1628             0        4            0          0             0
    33       1628            0         4876             0       1624             0        4            0          0             0
    34       1662            0         4978             0       1658             0        4            0          0             0
    35       1635            0         4897             0       1631             0        4            0          0             0
    36       1668            0         4996             0       1664             0        4            0          0             0
    37       1660            0         4970             0       1655             0        5            0          0             0
    38       1633            0         4891             0       1629             0        4            0          0             0
    39       1612            0         4826             0       1607             0        5            0          0             0
    40       1598            0         4784             0       1593             0        5            0          0             0
    41       1630            0         4882             0       1626             0        4            0          0             0
    42       1616            0         4836             0       1610             0        6            0          0             0
    43       1624            0         4864             0       1620             0        4            0          0             0
    44       1647            0         4929             0       1641             0        6            0          0             0
    45       1633            0         4887             0       1627             0        6            0          0             0
    46       1640            0         4910             0       1635             0        5            0          0             0
    47       1611            0         4825             0       1607             0        4            0          0             0
    48       1641            0         4913             0       1636             0        5            0          0             0
    49       1620            0         4852             0       1616             0        4            0          0             0
